e = 2.7182818284590452353602874713526624977572470936999595749669676277\dots

6106608892801162497704140430567579590052282385578369446455730163609087259
3691567334467766982904309879876779533322062664287083999573257055247692144
2570886560158798597921533433283133003864586033538777530029304251703127524
6964496539821685776110638279783251396407084668484923432235045784682178742
5307994786558773769349194955219325689156481645486519910457067327694394597
3923321260714264928133785123555354466404922683017943335648832409194527801
6091070113937486483547423815196380156948926067951150199698584435576849798
8944162535193027321912486235731482731274164702941736119295248441982827062
9738214419567457627062496745791996828997398480553691454727861699729950791
2262555832374546300758387146316146832259494235715257106009954703011631559
7599826157990151418476000890916069759761257162834492329547556963472928825
8001333705159504492755571030496395761005247653903488546494421774325687796
7418108235349647141642639264327771269910093291636752850242792527547386110
5105895752764942382142880285775900037835360453525191727864024460856903816
0806374887627945245879184353441982143277267560905955828355895953029555244
5546422127773627347138313838948371786567692798212067256744211284231216633
6299640726845442235356767315971897070297737728739640390080546700192252894
8152642557231517553881455730505566387209848580096888756835214685838420789
6641492254426686920298824809272826762022723941204914871282529368327745520
351908474749\textcolor{purple}{0481910408}
